importance:
  age: 0.026649721759815847
  blank: 0.0037296037296037318
  burden_weight: 0.053942434377217
  direction: 0.031622618681442206
  distance: 0.0
  distance_diff: 0.056997939519869346
  entry_times: 0.04772627554865759
  grade: 0.010519763460939928
  horse_average_prize_money: 0.17579926414771138
  jockey_average_prize_money: 0.02491623602734713
  jockey_win_rate: 0.015567313345091122
  jockey_win_rate_last_four_races: 0.017499999999999995
  last_race_order: 0.09333330201735998
  month: 0.0
  number: 0.05451393051393052
  place: 0.02489268845043338
  rate_within_third: 0.02520495377638235
  round: 0.012072310405643738
  running_style: 0.007552447552447555
  second_last_race_order: 0.05726232242204782
  sex: 0.03378121878121879
  track: 0.0023310023310023327
  weather: 0.019187479187479185
  weight: 0.08655318556478064
  weight_diff: 0.05547948437678322
  weight_per: 0.034753772829859794
  win_times: 0.028110731192935445
num_data:
  negative: 24
  positive: 24
num_feature: 27
num_tree: 1
